

11011100101001001101101111001000010
01111011100011110000110101110010011
00101100111100011011100000010001111
00110010010000111110000111001001011
00101100011011001111000101000111110
10101011010001001010010010011010010
01010011001111111111111111000100110
01000100000000111010000001010100100
10110010001001010110101010101111011
10110000011011010000011010001001001
====
7.567015162371624E-10
2.346063434824063E-9
5.410911958882935E-9
3.743566503142909E-9
5.360356488492727E-10
1.2474855400768846E-9
1.0188830346790346E-9
2.338227322618282E-9
3.5777030959053974E-8
5.087152729194326E-10
--------
01110000000000100111111000010000101
10111010010001100111011010001101101
01101110011100101001001011010011100
00000000110101110001010101000010001
10010011001101101001110110111000001
01111101110011111000111001101110100
10001110001011001010100101101101011
10010111111011000110111001001001011
00110001000100010100100010000010101
00010011010101110001010100100010110
====
1.1206677096002955E-9
4.039422501337356E-8
1.327370998725976E-9
5.257029421382472E-10
9.758132755223213E-10
7.749904301469098E-10
1.3381817585426372E-9
7.268167758155645E-10
3.24340455791107E-9
5.934500295924347E-10
--------
11001000110011101111010110000011110
01010101101000101001011010001110110
10000100110100111101100101001110010
10111011000010110100001011101100010
10011001100001110110110111010100101
10000100100100101100100000110000101
10001011001110101011101100001101000
11011110111010000100011001010010111
11010000110010001100101111100001101
00111010011100000101111000110100000
====
4.98604302349421E-10
7.132994148035279E-9
8.710347226511701E-10
2.1926314139271206E-9
6.284508669162271E-10
5.110476277981081E-10
1.0245613607431712E-9
1.590653822060551E-9
2.0870296802957264E-9
5.132918563605505E-10
--------
10100001110100111010010011010100011
10110110111100010001001111010100100
00111011101011001011110001110101101
01100111110010000110010000111001101
10110110010010001101010100101000101
10011100001101011011100011010000001
10011100001000001000011111001111100
10100010101010010100111011001111110
01111010010100011011110011010000001
00101101101100101001001101000011010
====
4.9341279364802E-10
7.009733010078495E-10
5.965123983998413E-10
2.2032751429415388E-9
4.90560835902786E-10
7.431169281273563E-10
6.780253606517464E-10
1.000264984198002E-9
1.7484581947017434E-9
8.779512011368568E-10
--------
10011101101100000010001001111010101
11110000010001101011110011110000110
11111000101111111100010001010101111
01010100110111100011010001101000000
11100110111111100101111101000011110
10001111011010110111011101001011111
11010110100111010100110010111000000
00000011001101011000010101011000101
10111101100011100100001100010100111
10000110001100010010111110101101011
====
1.7826540862103407E-9
4.652163027382833E-9
1.427656590307313E-9
3.896865555797849E-8
7.875098877969513E-10
1.4717200789351387E-9
8.649373258542387E-10
4.960916663258541E-10
8.803569157093095E-10
4.885000479311334E-10
--------
10000110100000101001110001101110111
11010111100000011010011010110101100
10111111010001011000110001110101010
00011010111111001101111100101110010
10010111010000101000001011100111000
11010000011000000000111100111101010
01000000000101101001100010101111011
00000111100100010010100010000100101
00011011100011010100000010110101100
00100000110010010100001111111010100
====
3.1856124692610983E-9
1.1366794860090273E-9
7.012321476274159E-9
8.05849656206449E-9
5.743673729648747E-10
1.1214752797364152E-9
6.872748929883683E-10
3.0155131809057385E-9
5.131418959582916E-10
5.304233291085589E-10
--------
01100000000001110110110011100110000
11001110001111101101101000001111001
10101110111101101001111000101001101
01101000011001100001111000101001001
01101011000110111101110110111011010
00111110001111001111101000001000111
00110101101100000110010000010111110
10101010000001010101111011100011000
10000100010111000000110011110100011
11100001101001000010111001101101100
====
5.472800062739219E-10
8.186376429146932E-10
5.837527917232922E-10
9.843762770128372E-10
2.9802135870951266E-8
7.125973482265821E-10
4.968348090170072E-10
9.440857563695125E-10
4.884038894567257E-10
9.076735240729435E-10
--------
01011101001011110001100010000000101
11010000000010011001000010010101100
11111101000101001000101100101011110
01110101101011111000011010100111000
01001001011001001101100011100010010
01010010011111001011110101001110110
11000100001010011011110101111101011
01000011011111101110001100011100101
11001100101011101100000010110101111
01110111011101011001000111100010011
====
5.002431146520107E-10
1.4403241153288852E-9
1.3328777770351033E-9
1.0360396783221503E-9
9.442084469918304E-10
6.637429612265841E-10
1.4994883910552902E-9
1.2076129106175915E-9
9.591425051131565E-9
8.733282887445831E-10
--------
11111010011110111001110010111010000
10000101001111100000100010000111100
10000111110110110110011100101100100
00100110110011110010011000101111010
00010011011111010101001110011000100
00010010010101010100100010010011100
11001010110100101100001100100010011
00111011001000000001101010111111011
10001010110000100010110101111011111
11001100111010101110001110011111101
====
1.5435530836656047E-9
6.726785029731858E-10
4.527834887607378E-9
8.877842564228239E-10
1.4762764892607159E-9
5.788622007289958E-9
4.904924623487404E-10
1.3576646866203694E-9
1.218193957728215E-9
5.748279330181339E-9
--------
10010101001110111000100010111101011
00110111011110111100110100011100101
10111011100101111000101011111000110
00011001011001101000111001101101011
11110100110010001111010010011101111
01001110110000111101001100001111001
11101111000101001101011110110011001
01011101100001001010000111111001010
00100011101101011100010011111010111
10010001110100110010011100000111001
====
7.934063854434325E-10
7.605059559122687E-10
5.93380795687445E-10
2.2535492307409797E-9
4.896920652734013E-9
6.592979249532598E-10
4.777926957504676E-10
4.697898401722893E-9
2.0309857008490886E-9
2.3147446116107778E-9
--------
✘ expected:<1[0110010010111011101001101111100010]> but was:<1[1110100110010001000111001101101011]>












  testRunIterations(TestGeneticAlgorithm)
 Log
 11100001011111100011010011010001000
00110001110101110111111101010101100
01101101101100001011100001110010100
11100101010000000101100001111101011
00110011110100011111100000110110010
01101110111011000001111110000001010
01111011010001000101000011100101010
11110000011111010000011011110110110
01010000010001001001011001101110111
10010110010011100110101001100011001
====
6.467781932434967E-10
6.208816354565623E-10
8.726259475908104E-10
3.7035866977962856E-9
2.0443188120581107E-9
4.725693139079961E-10
5.060621995523201E-10
6.469427260038998E-10
2.867740337559802E-9
1.12848894051153E-9
--------
10100011100111111001110100001100000
00110000010101100101000110011010000
01101100111111110111011000010010110
01110011100100110011110111111011011
00011111110001111001110100011100110
10110000101000001000011011010100001
11011101100001101000011110111001100
10101010000100100110011010010000100
00010011010101011010001000001100000
10000110000000010010111110100000110
====
3.2424138232694465E-9
3.1202451948563254E-9
1.1907907662091937E-9
6.773256051529351E-10
5.829305826104431E-10
1.7082979853734588E-9
5.17317175374179E-10
3.360379883569889E-7
1.2266150953193854E-9
8.865793143118949E-10
--------
10001010011001010010010000011101111
11010100001011100110011100100010001
00101101110000111101110100101110110
11011000111000111101111100000011011
01111010100101101110100100110111110
01011001010111000001011100001011100
00101010011111101101001011100100010
10110111100011011010100010101000101
10100110011011000110000001001001010
10110101110001000111100010111010000
====
1.88031830404291E-9
2.6320822153400836E-9
8.437730461314026E-10
1.799384822717869E-9
1.0614069046595003E-9
3.6964149484208667E-9
5.407478661947725E-9
5.256388767079896E-10
8.089174319970299E-10
7.447354454009502E-10
--------
01101011000001011010000111100001111
10101000100000001101111000101110011
10100100100001001101110011111010100
00101110111011001011010000001111110
01110001110111011010101000000000001
11000101000011011011110111010000011
01001011001111000011101111110100110
01101101100100010101011111100010000
10110100011111100100010111110111000
10110010101000100100010011010110101
====
4.0842618174191294E-9
7.234413995096435E-10
9.956504076032129E-10
8.587445138013987E-9
7.0164233688416E-10
9.489294789677509E-10
4.959626689613232E-10
2.2572183868941095E-9
3.940806221642215E-9
8.952968892313006E-10
--------
00110000110100000111100100111011111
00100100001010101011000101010011101
10111000101001010010010111010000101
01101111001101001101010001010001110
00101100111000010100000111001110100
01101110011111110000000111010101000
10011111011111100110110011111001001
01111110000001100101010000111000100
11111111000101110001101010111010011
11111010100110010001100110010100110
====
1.984754867630007E-9
4.820379439773202E-10
1.5206710950249512E-9
1.3585100346655084E-9
1.2731509028104268E-9
8.830301369851544E-9
5.659787555233051E-10
1.794274983126535E-9
1.7875813953289032E-9
5.441016730498478E-10
--------
01001100001110001100010111000000101
10011001100110111000000001110000101
01011011001000000001100010011000101
00100001000101001011111100100011001
10000111000110110110001010111010110
01111011100101100100101101111101001
00010010110000010000000010000110000
01101001101100000100111110100100000
01110011100011110001111111111010001
01110100101110100111001010001000010
====
6.01863483699583E-10
5.416631846300135E-10
9.63216931874102E-10
5.76020796839168E-10
1.7755688438731555E-9
2.0377647613242135E-9
1.0667351766665244E-9
1.6894966376226254E-9
5.211340765515679E-9
6.485300373424856E-10
--------
10110111001000001000111011111000001
00011101100001111001011001000010101
00100110000110101100100101100010011
00001111101011101010001100111100010
11000100001101001011110011111000100
01001011010001010100000111001101101
10111111010000010011010111000000110
00111100010110110011011001001101100
11110000000010000000010100011011000
01000011001111010111110101100100111
====
4.674235928010533E-10
2.060744474192616E-9
5.175698264451153E-10
1.0093170643614724E-9
5.648846825760778E-9
6.54097520856703E-10
6.978956869190745E-10
5.174575218525182E-10
2.2297566094447562E-9
1.2887525640656018E-8
--------
01110010011000101000100111110101101
01011010001000000110001101101000110
01001111011001001010110000011011001
10000100010110000000101111111011110
11000110000001001001110000010111010
10011000111011100101100111010100110
01111000000010110110111000010000011
01000101011110001101101000010010101
11101100100110110000100110100010100
11000001111110111011110001000111100
====
3.806130423131918E-9
1.640572755423881E-8
1.412655056161999E-9
4.948529478897301E-10
6.101440353234812E-10
5.454339445136259E-10
7.444515826266932E-10
8.667241093270167E-10
5.845671127899196E-10
7.127609668613242E-10
--------
01001100101011110100100110100001011
01110101100111101011000000000011011
10100101111100000100011101110001100
00110000110111111111011110000011010
00111110111110001010000111101011011
01010101010010001100011011001001101
10101110100011101100100011111110110
11101100110100011010100001011101100
10110110101011101000101001001101111
01011010111010000111111111010110111
====
1.0435502945147878E-9
2.9502704014268313E-9
5.850769865937858E-9
1.892211697147689E-9
1.7983258485511593E-9
8.184726942997432E-10
1.4424203411754503E-9
6.007389690048435E-9
1.5097890181605174E-7
6.009755732634693E-9
--------
10000100101110011111010011111111100
01010110100001001100100000000101101
00001110100010111000000100001000110
01001010110001100101100011011001100
11011001001000101111011100000110111
11010101111001111011000101011001010
11010010110000100111110001111101101
10001011011111100000001011001010000
00011000110010000011000101110110110
00001110110101111001101111000111001
====
6.89569381422568E-10
5.372021566848596E-10
7.262600819769272E-10
5.185711207745896E-8
6.939126076552751E-10
4.967054249386641E-10
5.607787893946713E-10
1.3359131883210652E-9
7.931537820883554E-10
1.7660569990531783E-8
--------
✘ expected:<[010011011010101010100111101010001]11> but was:<[101101101010111010001010010011010]11>